

b_a = 0;
A = [0 1 0; 0 0 -1; 0 0 b_a];
B = [0 1 0]';
C = [1 0 0];
D = 0;
